10101291
10101327
10101291
10102206
10222853
10248033
10261026
10101589
10205244
10288185
10290265
10291856
10298957
10345561
10383017
10435090
10502798
10490993
10473384
11240247
11259716
11413170
11455530
11469504
11471260
11624423
11681508
14184286
15144878
15176592
15420223
20104101
18920002
20109020
20153010
20195344
20248206
20311676
20500815
20487369
20225925
20583594
20611993
20630946
20646778
20774339
20892128
20929774
20939708
20942767
20798913
20963578
20974481
20976799
20977678
20996621
20963866
20935218
21000054
21001771
21002524
21101658
21135554
20902039
21157370
21142003
21171080
21180847
21001519
21181988
21193068
21272396
21402016
21405627
21000630
21408652
21406920
21411323
21412626
22868024
22789958
23004922
24039289
24680888
24747976
25300551
2518573
21362537
26569730
26631069
21151608
31908032
31509843
33501827
33411712
34726040
34542628
35941263
34962204
36492755
37030589
2899847
37065652
37178462
22396591
38264019
37527863
41773404
41285665
44019405
43074402
45566083
45115248
48023497
46000440
32705437
50100482
49676048
50101659
50101523
50101785
50102088
50103129
50102376
50104008
50104134
50105275
50105301
50105699
50105725
50106280
50106442
50107745
50107619
37436329
50107907
50108174
50108912
50109477
50111971
50109927
50100806
50300084
50197261
50300822
50301099
50301387
50301675
50302266
50302004
50302554
50400259
50400835
50400709
50402729
50402567
50108886
50405042
50404299
50409406
50500136
50410319
3889845
51520126
50500550
51826377
51815338
50300408
52311825
52764842
53772202
54324848
60725338
60747316
60848460
61029627
6107196
61142759
61344957
61827429
62404688
62483327
50405330
62574447
63188799
51624179
64493027
65001607
65499271
65652206
66754397
66924745
68015667
67429065
64291829
68539908
68525196
70153803
69982533
52940446
70421820
70625336
71648351
71626373
7253015
72650337
7265221
72777797
65002324
74284255
7311370
68745332
75169847
75990666
76733461
76867532
77143621
77891596
76647134
79590778
80790863
8109170
8132197
83034844
83173570
89546375
84642424
89903942
90267190
90942860
90780976
91444029
92393245
93815598
94092977
94144536
94430339
94974890
81086436
96095092
70816595
74753465
98953007
9841821
21157370
79590778
21157370
79590778
