10101291
10101327
10101589
10202345
10205244
10102206
10222853
10246987
10248033
10249336
10263208
10277308
10261026
10271474
10288185
10290427
10298957
10290265
10292311
10291856
10310236
10436131
10405008
10435090
10383017
10345561
10394182
10502798
10485914
10460587
10473384
10490993
10484873
10557081
10866165
10536568
10669174
10518782
10551157
11173549
11157783
10901987
10929637
11165535
11072071
11200645
11331231
11310718
11259716
11240247
11310844
11302830
11336574
11342432
11399321
11371707
11395417
11409232
11349119
11345331
11413170
11430815
11444465
11612505
11606935
11469504
11619606
11609672
11471260
11460357
11615242
11616707
11455530
11453772
14498577
11624423
12365619
15113169
15114174
14184286
1211411

11652071
15121461
11697592
15495024
15413198
15218541
15483818
15176592
17929065
15420223
15144878
15844425
15161351
16068769
20139562
20112377
18414513
20104101
18920002
20109020
20149910
20128523
18659212
20139850
20143248
20185860
20153010
20201189
20207013
20170043
20195344
20179164
20156469
20173942
20201891
20205705
20254588
20225925
20208992
20223617
20248206
20254740
20263921
20254876
20244554
20254902
20261901
20288196
20275399
20339740
20311676
20344143
20399274
20376029
20282398
20380417
20366419
20500815
20521752
20569910
20455807
20535564
20487369
20611993
20584923
20583594
20504017
20594407
20726273
20634274
20646778
20630946
20730959
20682204
10315029
20774339
20767628
20780035
20674902
20798913
20939708
20935218
20902039
20929774
20907534
20892128
20875195
20904509
20942767
20956867
20963578
10100574
20977678
20998065
20996621
20974481
20970441
20978133
21000630
20963866
21001519
21151608
21126823
21142003
21002524
21135554
21001771
21101658
21193068
21181988
21157370
21180847
21191200
21171080
21159840
21172121
21272396
21362537
21406768
22776575
21405627
22396591
21411323
21408652
21402016
21412626
21401399
21406920
22789958
24039289
2518573

22868024
25300551
24680888
26631069
26569730
24747976
32705437
31509843
33411712
34726040
35941263
34542628
34962204
33501827
31908032
2899847
10438999
41773404
37178462
37436329
37030589
3889845
41285665
36492755
38264019
37065652
37527863
10516762
45566083
44671043
48023497
44299049
44019405
45115248
46000440
43074402
482428
50100482
50102114
50102088
50101659
50102376
50103129
50101785
50100806
50101523
50100932
50105699
50106442
50104134
50106280
50106730
50104008
50107619
50105301
50105275
50105725
50109927
50109639
50111971
50107745
50107907
50109477
50197261
50108886
50108174
50300408
50301963
50301125
50300822
50302004
50301675
50300084
50302266
50301387
50400835
50402729
50404299
50400709
50403446
50401002
50400259
50402567
50405042
20821943
50500136
50410319
50409406
50500550
51624179
51826377
50405330
51815338
52311825
51520126
54324848
53772202
60848460
60725338
61029627
52764842
52940446
61142759
60747316
62483327
64291829
64493027
61344957
64336939
62574447
65001607
61827429
63188799
66924745
65002324
65499271
67429065
67185070
65292866
68015667
66754397
66406040
69982533
68745332
68539908
70917649
71626373
70625336
70421820
70153803
70816595
7265221
72650337
75990666
75169847
71648351
74284255
72777797
7311370
74753465
76647134
79590778
81086436
8109170
77143621
76867532
78353027
77891596
76733461
80790863
21112011
43596435
90267190
83984043
8132197
83173570
89546375
90780976
84642424
84417209
83034844
21156815
94974890
94144536
95919181
90942860
93815598
94092977
94430339
92393245
91707643
91444029
43485807
98953007
96095092
9841821
9650662
50406057
82317494
91018909
10246987
82684406
10249336
10202345
10271474
10263208
10290427
10277308
10292311
10405008
10394182
10310236
10436131
10485914
10536568
10460587
10551157
10557081
10518782
11072071
10929637
10669174
10484873
10901987
10866165
11200645
11302830
11310718
11336574
11157783
11342432
11345331
11165535
11409232
11399321
11173549
11310844
11331231
11371707
11395417
11444465
11609672
11430815
11453772
11460357
11606935
11616707
11619606
11652071
11615242
11349119
11612505
1211411
11697592
14498577
12365619
15113169
15161351
15114174
15121461
15218541
15495024
15413198
15483818
17929065
20112377
18414513
16068769
18659212
15844425
20149910
20128523
20143248
20179164
20173942
20170043
20185860
20156469
20139562
20207013
20208992
20201891
20205705
20201189
20139850
20254740
20261901
20275399
20244554
20282398
20223617
20254902
20263921
20297403
20339740
20254876
20254588
20344143
20288196
20399274
20366419
20380417
20376029
20535564
20455807
20569910
20521752
20584923
20504017
20634274
20594407
20674902
20682204
20730959
20767628
20726273
20780035
20956867
20978133
20875195
20904509
20907534
21159840
21126823
21172121
20970441
21191200
21406768
20998065
21401399
22776575
44299049
44671043
50102114
482428
50100932
50106730
50403446
50401002
50109639
50301125
50301963
65292866
66406040
64336939
67185070
70917649
83984043
84417209
95919181
91707643
78353027
10102206
10101327
10101291
10222853
10261026
10248033
10101589
10290265
10291856
10288185
10205244
10345561
10298957
10435090
11455530
11240247
10383017
11413170
10502798
10473384
11469504
11471260
11681508
10490993
14184286
11624423
20104101
11259716
15420223
15144878
20109020
20195344
20153010
18920002
20248206
15176592
20487369
20500815
20583594
20311676
20611993
20774339
20646778
20892128
20798913
20935218
20902039
20963866
20630946
20977678
20939708
20942767
20225925
21000054
20974481
21001519
21000630
20996621
21142003
21135554
21001771
21181988
20929774
21180847
20976799
21151608
21171080
21002524
20963578
21272396
21101658
21412626
21408652
21411323
21405627
21402016
21406920
23004922
24039289
22789958
24747976
2899847
26569730
26631069
22868024
24680888
32705437
31908032
33411712
25300551
33501827
34726040
37030589
35941263
34962204
34542628
31509843
37178462
36492755
37065652
2518573
41285665
38264019
37527863
45115248
44019405
41773404
43074402
48023497
3889845
37436329
45566083
46000440
49676048
50100806
50101523
50100482
50103129
50101785
50105275
50101659
50102088
50104134
50104008
50106280
50105699
50105725
50102376
50107619
50106442
50107745
50108886
50107907
50105301
50108174
50109477
50109927
50300408
50301099
50197261
50301387
50111971
50300822
50108912
50300084
50302004
50301675
50400259
50302554
50302266
50400835
50402729
50409406
50410319
50402567
50405042
50400709
50404299
50500136
52311825
51624179
50405330
51520126
50500550
53772202
52940446
60725338
60747316
51826377
6107196
61827429
62404688
61029627
61344957
51815338
64291829
61142759
62574447
63188799
62483327
67429065
64493027
66754397
66924745
65002324
68015667
69982533
68745332
68539908
68525196
65652206
70153803
70625336
71648351
70421820
75169847
72650337
7253015
71626373
7311370
76647134
7265221
75990666
74284255
70816595
74753465
76867532
76733461
77143621
77891596
10300914
21362537
11630705
21193068
22396591
60848460
54324848
11326252
8109170
80790863
8132197
65001607
81086436
52764842
84642424
90780976
90267190
89903942
83034844
83173570
65499271
72777797
91444029
90942860
94974890
89546375
94430339
96095092
92393245
94144536
94092977
93815598
9841821
98953007
