34726040
37178462
37030589
37065652
34779151
32383679
43596435
39989287
32705437
33411712
37436329
34962204
43485807
36830117
41773404
42099069
42988567
33501827
3889845
3713990
31908032
35941263
38264019
45115248
3283241
43074402
31726180
48023497
44019405
50102376
36492755
41285665
46000440
37527863
44671043
45566083
50101785
44299049
482428
46251007
50102088
50102114
49676048
50100806
39484737
50107619
50106280
47189548
50104008
50100482
50104134
50105275
50101523
50109477
50106442
50106730
50107745
50107583
50103129
50100932
50108886
50105725
50105699
50197261
50101659
50300084
50301125
50400709
50300408
50109639
50302004
50108174
50109927
50400835
50302266
50301099
50107907
50405330
50400259
50300822
46246604
50403446
50402729
50401002
50301675
50410319
50405042
50108912
50301963
50402567
50105301
50404299
51826377
50400385
52311825
62404688
50301387
50302554
54324848
50409406
51815338
60725338
61827429
34542628
53772202
51520126
6107196
50500136
51624179
60848460
52764842
61029627
65292866
57978756
50500550
63188799
65652206
61344957
50111971
67429065
6804844
66754397
52940446
62483327
66924745
64291829
67185070
68539908
66406040
70883578
72650337
68525196
70153803
70917649
64493027
68745332
69982533
62574447
79590778
65499271
71626373
74753465
76867532
71648351
7311370
70816595
7253015
76647134
7265221
72777797
77143621
70421820
68015667
76733461
83984043
82317494
78452313
74284255
75169847
65001607
61142759
83034844
77239958
78353027
80790863
65002324
60747316
70625336
77891596
8109170
82684406
81086436
85065193
86934089
64336939
90780976
75990666
91018909
89001223
91444029
85171938
91707643
92629514
84642424
86408244
89903942
96095092
50406057
98953007
94430339
83173570
87410220
95919181
89164957
9841821
8132197
94092977
87779516
94974890
90942860
90267190
10102206
92393245
10101291
94144536
93815598
10101327
84653463
9650662
10222853
10205244
10261026
87645445
89546375
95491648
10202345
10101589
10291856
10290265
10253148
10288185
10100574
10271474
10248033
84417209
10249336
10100862
10246987
10260309
10277308
10394182
10290427
10473384
10435090
10292311
10315029
10298957
10516762
10345561
10460587
10536568
10383017
10901987
10436131
10263208
10502798
10514454
10684501
10203224
10310236
10484873
10518782
10577337
10438999
10405008
10669174
11159965
11200645
10510090
10929637
10551157
10557081
11173549
11072071
11345331
10485914
11157783
11310718
11302830
11310844
11399321
11413170
11342432
11409232
11240247
11399871
11336574
11165535
11430815
11327005
11392518
1211411
11395417
11681508
11460357
11615242
11371707
11624423
11453772
11619606
11697592
11609672
15218541
11652071
10490993
15420223
11612505
11455530
10866165
11259716
15114174
14184286
15413198
15113169
20109020
15121461
11469504
11616707
12365619
20128523
20147440
20153010
15144878
15844425
15176592
15738428
14498577
11632851
15161351
20139562
18414513
18920002
20149910
16068769
20104101
20170043
20112377
20124321
20208992
15495024
20173942
20248206
20195344
20156469
20201189
20282974
17929065
20179164
20205705
20297403
20339740
20139850
18659212
20249897
20261901
20263921
20207013
20254740
20185860
20143248
20225925
20201927
20201891
20254876
20535564
20223617
11349119
20311676
20399274
15483818
20487369
20254588
20275399
20282398
20634274
20416210
20594407
20254902
20584923
20366419
20244554
20504017
20611993
20288196
20646778
20902039
20380417
20521752
20561642
20935218
20583594
20674902
20798913
20682204
20780035
20906079
20730959
20532115
20376029
20904509
20344143
20500815
20774339
20569910
20821943
20907534
20942767
20455807
20726273
20993308
20767628
20956605
20978133
20963866
20956867
20939708
21157370
20977678
11444465
21001771
21151608
20779834
20939834
20929774
20996621
21180847
20998065
20974481
20947550
21126823
21159840
21171080
21001519
20976799
21135554
21272396
21406768
21172121
21001933
21408652
20630946
21142003
21189544
21112011
21000630
21406920
21002524
20875195
21138877
21362537
20963578
23004922
21412626
22868024
21181988
29933130
21401399
21191200
24039289
21193068
21000054
2899847
23690880
20892128
21405627
21402016
22776575
26631069
24680888
24747976
22789958
21411323
26569730
31509843
25300551
27586957
2518573
22396591
21101658
11606935
11471260
21156815
11331231
20970441
10300914
11326252
20151388
